1 0 0 0 0 100
5 0 0 0 0 800
8 0 0 0 0 800
8 1 0 0 0 800
10 1 0 0 0 600
10 0 1 0 0 600
10 1 1 0 0 600
10 1 2 0 0 600
11 0 3 0 0 600
15 0 2 0 0 600
10 2 2 0 0 600
10 1 1 0 0 600
10 2 1 0 0 600
15 3 1 0 0 600
10 0 2 0 0 600
10 2 3 0 0 500
10 1 5 0 0 500
15 0 4 0 0 500
20 0 0 0 0 200
15 2 1 0 0 500
20 0 3 1 0 200
30 3 1 1 0 200
20 2 2 0 0 200
25 0 3 0 0 200
20 3 1 1 0 200
20 5 0 2 0 500
20 3 0 1 0 500
25 2 0 1 0 500
30 2 0 1 0 500
0 0 10 2 0 400
0 2 10 3 0 300
0 3 20 0 0 150
30 5 5 0 0 300
30 0 3 1 0 300
30 2 5 1 0 300
50 0 0 3 1 200
60 3 0 5 0 100
0 0 0 10 0 800
0 5 30 0 0 200
20 5 30 0 200
20 3 10 5 2 200
50 5 10 0 1 200
70 0 20 0 0 200
70 5 5 5 0 100
50 3 10 10 1 100
10 5 20 10 3 100
20 0 30 5 0 100
20 0 0 20 0 100
0 0 20 3 0 100
0 0 20 5 3 100
0 0 30 15 10 150